75 76 77 80 82 85 84
49 52 53 55 58 59 61 61
54 57 60 62 66
4 6 8 10 11 14 19
82 85 86 83 85 87 89
85 86 87 86 89 88
69 72 73 76 77 74 75 75
4 6 4 5 8 11 15
6 9 10 12 15 16 15 20
41 43 43 45 48 51
48 51 53 53 56 58 59 58
67 69 71 74 74 77 77
82 83 85 85 89
21 24 26 26 29 31 36
4 7 10 11 15 18 20 21
56 58 60 63 65 69 70 68
24 26 30 32 33 35 35
12 13 15 17 20 24 25 29
52 53 54 57 58 59 63 68
43 46 48 55 58 59
15 16 23 26 27 28 26
49 50 53 56 59 64 64
56 58 59 65 69
3 5 6 8 13 18
45 44 46 47 50 52 54
37 35 36 37 34
53 50 51 53 54 56 56
80 78 79 80 81 83 86 90
32 31 34 37 40 45
76 75 77 79 77 80
26 25 22 24 23
27 26 23 24 25 25
96 93 96 93 97
37 34 35 36 39 36 38 45
68 65 66 67 67 70 72
41 39 42 42 43 40
88 86 89 90 90 91 93 93
24 23 25 26 26 28 32
79 77 77 80 83 88
50 48 50 52 55 58 62 63
39 38 39 41 45 47 48 45
40 38 41 42 44 45 49 49
50 49 53 56 60
74 73 77 80 86
40 37 38 39 42 48 49 50
12 11 17 20 22 23 25 23
74 71 73 75 80 83 83
